MLNLAYER	COMBINED_TYPE	epoch	frac	early_avg_acc_lstm	early_avg_acc_mln	early_avg_acc_lstm_mln	final_framewise_avg_acc_lstm	final_framewise_avg_acc_mln	final_framewise_avg_acc_lstm_mln	class_framewise_avg_acc_lstm	class_framewise_avg_acc_mln	class_framewise_avg_acc_lstm_mln	classcount	early_class_framewise_avg_acc_lstm	early_class_framewise_avg_acc_mln	early_class_framewise_avg_acc_lstm_mln	early_classcount
False	conflation	0	0.5	0.4	0.6	0.8	0.5602012774806892	0.5705065359477125	0.7201054664289958	[0.6666666666666666, 0.7916666666666666, 0.5, 0.08695652173913043]	[0.9019607843137255, 1.0, 0.0, 0.0]	[0.9019607843137255, 1.0, 0.6785714285714286, 0.08695652173913043]	[51, 24, 28, 23]	[0.6666666666666666, 0.6666666666666666, 0.0, 0.0]	[1.0, 1.0, 0.0, 0.0]	[1.0, 1.0, 1.0, 0.0]	[3, 3, 2, 2]
False	conflation	1	0.5	0.9	0.6	0.9	0.8091570112893642	0.5705065359477125	0.8387685680332739	[0.8235294117647058, 0.9583333333333334, 0.8214285714285714, 0.4782608695652174]	[0.9019607843137255, 1.0, 0.0, 0.0]	[0.9019607843137255, 1.0, 0.8571428571428571, 0.391304347826087]	[51, 24, 28, 23]	[1.0, 1.0, 1.0, 0.5]	[1.0, 1.0, 0.0, 0.0]	[1.0, 1.0, 1.0, 0.5]	[3, 3, 2, 2]
False	conflation	2	0.5	1.0	0.6	1.0	0.9113725490196078	0.5705065359477125	0.8669058229352347	[1.0, 1.0, 0.7857142857142857, 0.6521739130434783]	[0.9019607843137255, 1.0, 0.0, 0.0]	[0.9019607843137255, 1.0, 0.7142857142857143, 0.6521739130434783]	[51, 24, 28, 23]	[1.0, 1.0, 1.0, 1.0]	[1.0, 1.0, 0.0, 0.0]	[1.0, 1.0, 1.0, 1.0]	[3, 3, 2, 2]
False	conflation	3	0.5	1.0	0.6	1.0	0.9097326203208557	0.5705065359477125	0.8711482471776589	[1.0, 1.0, 0.7142857142857143, 0.7391304347826086]	[0.9019607843137255, 1.0, 0.0, 0.0]	[0.9019607843137255, 1.0, 0.6785714285714286, 0.7391304347826086]	[51, 24, 28, 23]	[1.0, 1.0, 1.0, 1.0]	[1.0, 1.0, 0.0, 0.0]	[1.0, 1.0, 1.0, 1.0]	[3, 3, 2, 2]
False	conflation	4	0.5	1.0	0.6	1.0	0.9206417112299465	0.5705065359477125	0.8900371360665478	[1.0, 1.0, 0.6785714285714286, 0.8695652173913043]	[0.9019607843137255, 1.0, 0.0, 0.0]	[0.9215686274509803, 1.0, 0.6785714285714286, 0.8260869565217391]	[51, 24, 28, 23]	[1.0, 1.0, 1.0, 1.0]	[1.0, 1.0, 0.0, 0.0]	[1.0, 1.0, 1.0, 1.0]	[3, 3, 2, 2]
False	conflation	5	0.5	1.0	0.6	1.0	0.9273083778966132	0.5705065359477125	0.894279560308972	[1.0, 1.0, 0.6785714285714286, 0.9130434782608695]	[0.9019607843137255, 1.0, 0.0, 0.0]	[0.9215686274509803, 1.0, 0.6428571428571429, 0.9130434782608695]	[51, 24, 28, 23]	[1.0, 1.0, 1.0, 1.0]	[1.0, 1.0, 0.0, 0.0]	[1.0, 1.0, 1.0, 1.0]	[3, 3, 2, 2]
False	conflation	6	0.5	1.0	0.6	1.0	0.9339750445632798	0.5705065359477125	0.9277250445632799	[1.0, 1.0, 0.6785714285714286, 0.9565217391304348]	[0.9019607843137255, 1.0, 0.0, 0.0]	[0.9803921568627451, 1.0, 0.6785714285714286, 0.9565217391304348]	[51, 24, 28, 23]	[1.0, 1.0, 1.0, 1.0]	[1.0, 1.0, 0.0, 0.0]	[1.0, 1.0, 1.0, 1.0]	[3, 3, 2, 2]
False	conflation	7	0.5	1.0	0.6	1.0	0.9430659536541889	0.5705065359477125	0.9277250445632799	[1.0, 1.0, 0.7142857142857143, 0.9565217391304348]	[0.9019607843137255, 1.0, 0.0, 0.0]	[0.9803921568627451, 1.0, 0.6785714285714286, 0.9565217391304348]	[51, 24, 28, 23]	[1.0, 1.0, 1.0, 1.0]	[1.0, 1.0, 0.0, 0.0]	[1.0, 1.0, 1.0, 1.0]	[3, 3, 2, 2]
False	conflation	8	0.5	1.0	0.6	1.0	0.9489483065953653	0.5705065359477125	0.9398573975044563	[1.0, 1.0, 0.75, 0.9565217391304348]	[0.9019607843137255, 1.0, 0.0, 0.0]	[1.0, 1.0, 0.7142857142857143, 0.9565217391304348]	[51, 24, 28, 23]	[1.0, 1.0, 1.0, 1.0]	[1.0, 1.0, 0.0, 0.0]	[1.0, 1.0, 1.0, 1.0]	[3, 3, 2, 2]
False	conflation	9	0.5	1.0	0.6	1.0	0.9489483065953653	0.5705065359477125	0.9398573975044563	[1.0, 1.0, 0.75, 0.9565217391304348]	[0.9019607843137255, 1.0, 0.0, 0.0]	[1.0, 1.0, 0.7142857142857143, 0.9565217391304348]	[51, 24, 28, 23]	[1.0, 1.0, 1.0, 1.0]	[1.0, 1.0, 0.0, 0.0]	[1.0, 1.0, 1.0, 1.0]	[3, 3, 2, 2]
False	conflation	10	0.5	1.0	0.6	1.0	0.9548306595365419	0.5705065359477125	0.9457397504456327	[1.0, 1.0, 0.7857142857142857, 0.9565217391304348]	[0.9019607843137255, 1.0, 0.0, 0.0]	[1.0, 1.0, 0.75, 0.9565217391304348]	[51, 24, 28, 23]	[1.0, 1.0, 1.0, 1.0]	[1.0, 1.0, 0.0, 0.0]	[1.0, 1.0, 1.0, 1.0]	[3, 3, 2, 2]
False	conflation	11	0.5	1.0	0.6	1.0	0.967379679144385	0.5705065359477125	0.9582887700534759	[1.0, 1.0, 0.8214285714285714, 1.0]	[0.9019607843137255, 1.0, 0.0, 0.0]	[1.0, 1.0, 0.7857142857142857, 1.0]	[51, 24, 28, 23]	[1.0, 1.0, 1.0, 1.0]	[1.0, 1.0, 0.0, 0.0]	[1.0, 1.0, 1.0, 1.0]	[3, 3, 2, 2]
False	conflation	12	0.5	1.0	0.6	1.0	0.9823529411764707	0.5705065359477125	0.9732620320855615	[1.0, 1.0, 0.8928571428571429, 1.0]	[0.9019607843137255, 1.0, 0.0, 0.0]	[1.0, 1.0, 0.8571428571428571, 1.0]	[51, 24, 28, 23]	[1.0, 1.0, 1.0, 1.0]	[1.0, 1.0, 0.0, 0.0]	[1.0, 1.0, 1.0, 1.0]	[3, 3, 2, 2]
False	conflation	13	0.5	1.0	0.6	1.0	0.9941176470588236	0.5705065359477125	0.9850267379679145	[1.0, 1.0, 0.9642857142857143, 1.0]	[0.9019607843137255, 1.0, 0.0, 0.0]	[1.0, 1.0, 0.9285714285714286, 1.0]	[51, 24, 28, 23]	[1.0, 1.0, 1.0, 1.0]	[1.0, 1.0, 0.0, 0.0]	[1.0, 1.0, 1.0, 1.0]	[3, 3, 2, 2]
False	conflation	14	0.5	1.0	0.6	1.0	1.0	0.5705065359477125	0.990909090909091	[1.0, 1.0, 1.0, 1.0]	[0.9019607843137255, 1.0, 0.0, 0.0]	[1.0, 1.0, 0.9642857142857143, 1.0]	[51, 24, 28, 23]	[1.0, 1.0, 1.0, 1.0]	[1.0, 1.0, 0.0, 0.0]	[1.0, 1.0, 1.0, 1.0]	[3, 3, 2, 2]
False	conflation	15	0.5	1.0	0.6	1.0	1.0	0.5705065359477125	0.990909090909091	[1.0, 1.0, 1.0, 1.0]	[0.9019607843137255, 1.0, 0.0, 0.0]	[1.0, 1.0, 0.9642857142857143, 1.0]	[51, 24, 28, 23]	[1.0, 1.0, 1.0, 1.0]	[1.0, 1.0, 0.0, 0.0]	[1.0, 1.0, 1.0, 1.0]	[3, 3, 2, 2]
False	conflation	16	0.5	1.0	0.6	1.0	1.0	0.5705065359477125	0.990909090909091	[1.0, 1.0, 1.0, 1.0]	[0.9019607843137255, 1.0, 0.0, 0.0]	[1.0, 1.0, 0.9642857142857143, 1.0]	[51, 24, 28, 23]	[1.0, 1.0, 1.0, 1.0]	[1.0, 1.0, 0.0, 0.0]	[1.0, 1.0, 1.0, 1.0]	[3, 3, 2, 2]
False	conflation	17	0.5	1.0	0.6	1.0	1.0	0.5705065359477125	0.990909090909091	[1.0, 1.0, 1.0, 1.0]	[0.9019607843137255, 1.0, 0.0, 0.0]	[1.0, 1.0, 0.9642857142857143, 1.0]	[51, 24, 28, 23]	[1.0, 1.0, 1.0, 1.0]	[1.0, 1.0, 0.0, 0.0]	[1.0, 1.0, 1.0, 1.0]	[3, 3, 2, 2]
False	conflation	18	0.5	1.0	0.6	1.0	1.0	0.5705065359477125	0.990909090909091	[1.0, 1.0, 1.0, 1.0]	[0.9019607843137255, 1.0, 0.0, 0.0]	[1.0, 1.0, 0.9642857142857143, 1.0]	[51, 24, 28, 23]	[1.0, 1.0, 1.0, 1.0]	[1.0, 1.0, 0.0, 0.0]	[1.0, 1.0, 1.0, 1.0]	[3, 3, 2, 2]
False	conflation	19	0.5	1.0	0.6	1.0	1.0	0.5705065359477125	0.990909090909091	[1.0, 1.0, 1.0, 1.0]	[0.9019607843137255, 1.0, 0.0, 0.0]	[1.0, 1.0, 0.9642857142857143, 1.0]	[51, 24, 28, 23]	[1.0, 1.0, 1.0, 1.0]	[1.0, 1.0, 0.0, 0.0]	[1.0, 1.0, 1.0, 1.0]	[3, 3, 2, 2]
False	conflation	20	0.5	1.0	0.6	1.0	1.0	0.5705065359477125	0.990909090909091	[1.0, 1.0, 1.0, 1.0]	[0.9019607843137255, 1.0, 0.0, 0.0]	[1.0, 1.0, 0.9642857142857143, 1.0]	[51, 24, 28, 23]	[1.0, 1.0, 1.0, 1.0]	[1.0, 1.0, 0.0, 0.0]	[1.0, 1.0, 1.0, 1.0]	[3, 3, 2, 2]
False	conflation	21	0.5	1.0	0.6	1.0	1.0	0.5705065359477125	0.990909090909091	[1.0, 1.0, 1.0, 1.0]	[0.9019607843137255, 1.0, 0.0, 0.0]	[1.0, 1.0, 0.9642857142857143, 1.0]	[51, 24, 28, 23]	[1.0, 1.0, 1.0, 1.0]	[1.0, 1.0, 0.0, 0.0]	[1.0, 1.0, 1.0, 1.0]	[3, 3, 2, 2]
False	conflation	22	0.5	1.0	0.6	1.0	1.0	0.5705065359477125	1.0	[1.0, 1.0, 1.0, 1.0]	[0.9019607843137255, 1.0, 0.0, 0.0]	[1.0, 1.0, 1.0, 1.0]	[51, 24, 28, 23]	[1.0, 1.0, 1.0, 1.0]	[1.0, 1.0, 0.0, 0.0]	[1.0, 1.0, 1.0, 1.0]	[3, 3, 2, 2]
False	conflation	23	0.5	1.0	0.6	1.0	1.0	0.5705065359477125	1.0	[1.0, 1.0, 1.0, 1.0]	[0.9019607843137255, 1.0, 0.0, 0.0]	[1.0, 1.0, 1.0, 1.0]	[51, 24, 28, 23]	[1.0, 1.0, 1.0, 1.0]	[1.0, 1.0, 0.0, 0.0]	[1.0, 1.0, 1.0, 1.0]	[3, 3, 2, 2]
False	conflation	24	0.5	1.0	0.6	1.0	1.0	0.5705065359477125	1.0	[1.0, 1.0, 1.0, 1.0]	[0.9019607843137255, 1.0, 0.0, 0.0]	[1.0, 1.0, 1.0, 1.0]	[51, 24, 28, 23]	[1.0, 1.0, 1.0, 1.0]	[1.0, 1.0, 0.0, 0.0]	[1.0, 1.0, 1.0, 1.0]	[3, 3, 2, 2]
False	conflation	25	0.5	1.0	0.6	1.0	1.0	0.5705065359477125	1.0	[1.0, 1.0, 1.0, 1.0]	[0.9019607843137255, 1.0, 0.0, 0.0]	[1.0, 1.0, 1.0, 1.0]	[51, 24, 28, 23]	[1.0, 1.0, 1.0, 1.0]	[1.0, 1.0, 0.0, 0.0]	[1.0, 1.0, 1.0, 1.0]	[3, 3, 2, 2]
False	conflation	26	0.5	1.0	0.6	1.0	1.0	0.5705065359477125	1.0	[1.0, 1.0, 1.0, 1.0]	[0.9019607843137255, 1.0, 0.0, 0.0]	[1.0, 1.0, 1.0, 1.0]	[51, 24, 28, 23]	[1.0, 1.0, 1.0, 1.0]	[1.0, 1.0, 0.0, 0.0]	[1.0, 1.0, 1.0, 1.0]	[3, 3, 2, 2]
False	conflation	27	0.5	1.0	0.6	1.0	1.0	0.5705065359477125	1.0	[1.0, 1.0, 1.0, 1.0]	[0.9019607843137255, 1.0, 0.0, 0.0]	[1.0, 1.0, 1.0, 1.0]	[51, 24, 28, 23]	[1.0, 1.0, 1.0, 1.0]	[1.0, 1.0, 0.0, 0.0]	[1.0, 1.0, 1.0, 1.0]	[3, 3, 2, 2]
False	conflation	28	0.5	1.0	0.6	1.0	1.0	0.5705065359477125	1.0	[1.0, 1.0, 1.0, 1.0]	[0.9019607843137255, 1.0, 0.0, 0.0]	[1.0, 1.0, 1.0, 1.0]	[51, 24, 28, 23]	[1.0, 1.0, 1.0, 1.0]	[1.0, 1.0, 0.0, 0.0]	[1.0, 1.0, 1.0, 1.0]	[3, 3, 2, 2]
False	conflation	29	0.5	1.0	0.6	1.0	1.0	0.5705065359477125	1.0	[1.0, 1.0, 1.0, 1.0]	[0.9019607843137255, 1.0, 0.0, 0.0]	[1.0, 1.0, 1.0, 1.0]	[51, 24, 28, 23]	[1.0, 1.0, 1.0, 1.0]	[1.0, 1.0, 0.0, 0.0]	[1.0, 1.0, 1.0, 1.0]	[3, 3, 2, 2]
False	conflation	30	0.5	1.0	0.6	1.0	1.0	0.5705065359477125	1.0	[1.0, 1.0, 1.0, 1.0]	[0.9019607843137255, 1.0, 0.0, 0.0]	[1.0, 1.0, 1.0, 1.0]	[51, 24, 28, 23]	[1.0, 1.0, 1.0, 1.0]	[1.0, 1.0, 0.0, 0.0]	[1.0, 1.0, 1.0, 1.0]	[3, 3, 2, 2]
False	conflation	31	0.5	1.0	0.6	1.0	1.0	0.5705065359477125	1.0	[1.0, 1.0, 1.0, 1.0]	[0.9019607843137255, 1.0, 0.0, 0.0]	[1.0, 1.0, 1.0, 1.0]	[51, 24, 28, 23]	[1.0, 1.0, 1.0, 1.0]	[1.0, 1.0, 0.0, 0.0]	[1.0, 1.0, 1.0, 1.0]	[3, 3, 2, 2]
False	conflation	32	0.5	1.0	0.6	1.0	1.0	0.5705065359477125	1.0	[1.0, 1.0, 1.0, 1.0]	[0.9019607843137255, 1.0, 0.0, 0.0]	[1.0, 1.0, 1.0, 1.0]	[51, 24, 28, 23]	[1.0, 1.0, 1.0, 1.0]	[1.0, 1.0, 0.0, 0.0]	[1.0, 1.0, 1.0, 1.0]	[3, 3, 2, 2]
False	conflation	33	0.5	1.0	0.6	1.0	1.0	0.5705065359477125	1.0	[1.0, 1.0, 1.0, 1.0]	[0.9019607843137255, 1.0, 0.0, 0.0]	[1.0, 1.0, 1.0, 1.0]	[51, 24, 28, 23]	[1.0, 1.0, 1.0, 1.0]	[1.0, 1.0, 0.0, 0.0]	[1.0, 1.0, 1.0, 1.0]	[3, 3, 2, 2]
False	conflation	34	0.5	1.0	0.6	1.0	1.0	0.5705065359477125	1.0	[1.0, 1.0, 1.0, 1.0]	[0.9019607843137255, 1.0, 0.0, 0.0]	[1.0, 1.0, 1.0, 1.0]	[51, 24, 28, 23]	[1.0, 1.0, 1.0, 1.0]	[1.0, 1.0, 0.0, 0.0]	[1.0, 1.0, 1.0, 1.0]	[3, 3, 2, 2]
False	conflation	35	0.5	1.0	0.6	1.0	1.0	0.5705065359477125	1.0	[1.0, 1.0, 1.0, 1.0]	[0.9019607843137255, 1.0, 0.0, 0.0]	[1.0, 1.0, 1.0, 1.0]	[51, 24, 28, 23]	[1.0, 1.0, 1.0, 1.0]	[1.0, 1.0, 0.0, 0.0]	[1.0, 1.0, 1.0, 1.0]	[3, 3, 2, 2]
False	conflation	36	0.5	1.0	0.6	1.0	1.0	0.5705065359477125	1.0	[1.0, 1.0, 1.0, 1.0]	[0.9019607843137255, 1.0, 0.0, 0.0]	[1.0, 1.0, 1.0, 1.0]	[51, 24, 28, 23]	[1.0, 1.0, 1.0, 1.0]	[1.0, 1.0, 0.0, 0.0]	[1.0, 1.0, 1.0, 1.0]	[3, 3, 2, 2]
False	conflation	37	0.5	1.0	0.6	1.0	1.0	0.5705065359477125	1.0	[1.0, 1.0, 1.0, 1.0]	[0.9019607843137255, 1.0, 0.0, 0.0]	[1.0, 1.0, 1.0, 1.0]	[51, 24, 28, 23]	[1.0, 1.0, 1.0, 1.0]	[1.0, 1.0, 0.0, 0.0]	[1.0, 1.0, 1.0, 1.0]	[3, 3, 2, 2]
False	conflation	38	0.5	1.0	0.6	1.0	1.0	0.5705065359477125	1.0	[1.0, 1.0, 1.0, 1.0]	[0.9019607843137255, 1.0, 0.0, 0.0]	[1.0, 1.0, 1.0, 1.0]	[51, 24, 28, 23]	[1.0, 1.0, 1.0, 1.0]	[1.0, 1.0, 0.0, 0.0]	[1.0, 1.0, 1.0, 1.0]	[3, 3, 2, 2]
False	conflation	39	0.5	1.0	0.6	1.0	1.0	0.5705065359477125	1.0	[1.0, 1.0, 1.0, 1.0]	[0.9019607843137255, 1.0, 0.0, 0.0]	[1.0, 1.0, 1.0, 1.0]	[51, 24, 28, 23]	[1.0, 1.0, 1.0, 1.0]	[1.0, 1.0, 0.0, 0.0]	[1.0, 1.0, 1.0, 1.0]	[3, 3, 2, 2]
False	conflation	40	0.5	1.0	0.6	1.0	1.0	0.5705065359477125	1.0	[1.0, 1.0, 1.0, 1.0]	[0.9019607843137255, 1.0, 0.0, 0.0]	[1.0, 1.0, 1.0, 1.0]	[51, 24, 28, 23]	[1.0, 1.0, 1.0, 1.0]	[1.0, 1.0, 0.0, 0.0]	[1.0, 1.0, 1.0, 1.0]	[3, 3, 2, 2]
False	conflation	41	0.5	1.0	0.6	1.0	1.0	0.5705065359477125	1.0	[1.0, 1.0, 1.0, 1.0]	[0.9019607843137255, 1.0, 0.0, 0.0]	[1.0, 1.0, 1.0, 1.0]	[51, 24, 28, 23]	[1.0, 1.0, 1.0, 1.0]	[1.0, 1.0, 0.0, 0.0]	[1.0, 1.0, 1.0, 1.0]	[3, 3, 2, 2]
False	conflation	42	0.5	1.0	0.6	1.0	1.0	0.5705065359477125	1.0	[1.0, 1.0, 1.0, 1.0]	[0.9019607843137255, 1.0, 0.0, 0.0]	[1.0, 1.0, 1.0, 1.0]	[51, 24, 28, 23]	[1.0, 1.0, 1.0, 1.0]	[1.0, 1.0, 0.0, 0.0]	[1.0, 1.0, 1.0, 1.0]	[3, 3, 2, 2]
False	conflation	43	0.5	1.0	0.6	1.0	1.0	0.5705065359477125	1.0	[1.0, 1.0, 1.0, 1.0]	[0.9019607843137255, 1.0, 0.0, 0.0]	[1.0, 1.0, 1.0, 1.0]	[51, 24, 28, 23]	[1.0, 1.0, 1.0, 1.0]	[1.0, 1.0, 0.0, 0.0]	[1.0, 1.0, 1.0, 1.0]	[3, 3, 2, 2]
False	conflation	44	0.5	1.0	0.6	1.0	1.0	0.5705065359477125	1.0	[1.0, 1.0, 1.0, 1.0]	[0.9019607843137255, 1.0, 0.0, 0.0]	[1.0, 1.0, 1.0, 1.0]	[51, 24, 28, 23]	[1.0, 1.0, 1.0, 1.0]	[1.0, 1.0, 0.0, 0.0]	[1.0, 1.0, 1.0, 1.0]	[3, 3, 2, 2]
False	conflation	45	0.5	1.0	0.6	1.0	1.0	0.5705065359477125	1.0	[1.0, 1.0, 1.0, 1.0]	[0.9019607843137255, 1.0, 0.0, 0.0]	[1.0, 1.0, 1.0, 1.0]	[51, 24, 28, 23]	[1.0, 1.0, 1.0, 1.0]	[1.0, 1.0, 0.0, 0.0]	[1.0, 1.0, 1.0, 1.0]	[3, 3, 2, 2]
False	conflation	46	0.5	1.0	0.6	1.0	1.0	0.5705065359477125	1.0	[1.0, 1.0, 1.0, 1.0]	[0.9019607843137255, 1.0, 0.0, 0.0]	[1.0, 1.0, 1.0, 1.0]	[51, 24, 28, 23]	[1.0, 1.0, 1.0, 1.0]	[1.0, 1.0, 0.0, 0.0]	[1.0, 1.0, 1.0, 1.0]	[3, 3, 2, 2]
False	conflation	47	0.5	1.0	0.6	1.0	1.0	0.5705065359477125	1.0	[1.0, 1.0, 1.0, 1.0]	[0.9019607843137255, 1.0, 0.0, 0.0]	[1.0, 1.0, 1.0, 1.0]	[51, 24, 28, 23]	[1.0, 1.0, 1.0, 1.0]	[1.0, 1.0, 0.0, 0.0]	[1.0, 1.0, 1.0, 1.0]	[3, 3, 2, 2]
False	conflation	48	0.5	1.0	0.6	1.0	1.0	0.5705065359477125	1.0	[1.0, 1.0, 1.0, 1.0]	[0.9019607843137255, 1.0, 0.0, 0.0]	[1.0, 1.0, 1.0, 1.0]	[51, 24, 28, 23]	[1.0, 1.0, 1.0, 1.0]	[1.0, 1.0, 0.0, 0.0]	[1.0, 1.0, 1.0, 1.0]	[3, 3, 2, 2]
False	conflation	49	0.5	1.0	0.6	1.0	1.0	0.5705065359477125	1.0	[1.0, 1.0, 1.0, 1.0]	[0.9019607843137255, 1.0, 0.0, 0.0]	[1.0, 1.0, 1.0, 1.0]	[51, 24, 28, 23]	[1.0, 1.0, 1.0, 1.0]	[1.0, 1.0, 0.0, 0.0]	[1.0, 1.0, 1.0, 1.0]	[3, 3, 2, 2]
